[gd_scene load_steps=5 format=3 uid="uid://des8oujowhwk8"]

[ext_resource type="Material" uid="uid://w6fiyxd5nujo" path="res://grap_resurce/materials/material_lol.tres" id="1_wrm6r"]
[ext_resource type="ArrayMesh" uid="uid://c5nibg811mdnw" path="res://grap_resurce/3d_model_object_set_1/rakushka_001.obj" id="2_ymo7k"]
[ext_resource type="ArrayMesh" uid="uid://bt6eqew6iw5wa" path="res://grap_resurce/3d_model_object_set_1/rakushka_002.obj" id="3_xc4ih"]
[ext_resource type="ArrayMesh" uid="uid://jv0v84v4piqu" path="res://grap_resurce/3d_model_object_set_1/rakushka_003.obj" id="4_t15rp"]

[node name="Rakushki" type="Node"]

[node name="Rakushka001" type="MeshInstance3D" parent="."]
transform = Transform3D(1, 0, 0, 0, 1, 0, 0, 0, 1, 4.31702, 0.5, 20.0444)
material_override = ExtResource("1_wrm6r")
mesh = ExtResource("2_ymo7k")
skeleton = NodePath("../../..")

[node name="Rakushka009" type="MeshInstance3D" parent="."]
transform = Transform3D(0.911957, 0, -1.03141, 0, 1.53855, 0, 1.07121, 0, 0.878075, -16.798, 0.5, -3.6636)
material_override = ExtResource("1_wrm6r")
mesh = ExtResource("2_ymo7k")
skeleton = NodePath("../../..")

[node name="Rakushka010" type="MeshInstance3D" parent="."]
transform = Transform3D(-0.952647, 0, -0.494719, 0, 1.28892, 0, 0.46938, 0, -1.00407, -17.361, 0.5, -3.3862)
material_override = ExtResource("1_wrm6r")
mesh = ExtResource("2_ymo7k")
skeleton = NodePath("../../..")

[node name="Rakushka002" type="MeshInstance3D" parent="."]
transform = Transform3D(1, 0, 0, 0, 1, 0, 0, 0, 1, 3.76671, 0.5, 20.0217)
material_override = ExtResource("1_wrm6r")
mesh = ExtResource("3_xc4ih")
skeleton = NodePath("../../..")

[node name="Rakushka011" type="MeshInstance3D" parent="."]
transform = Transform3D(1, 0, 0, 0, 1, 0, 0, 0, 1, -17.4392, 0.5, -3.9147)
material_override = ExtResource("1_wrm6r")
mesh = ExtResource("3_xc4ih")
skeleton = NodePath("../../..")

[node name="Rakushka012" type="MeshInstance3D" parent="."]
transform = Transform3D(1.69682, 0, 0, 0, 1.36447, 0, 0, 0, 1.77277, -16.7481, 0.5, -2.7263)
material_override = ExtResource("1_wrm6r")
mesh = ExtResource("3_xc4ih")
skeleton = NodePath("../../..")

[node name="Rakushka013" type="MeshInstance3D" parent="."]
transform = Transform3D(0.911957, 0, -1.03141, 0, 1.53855, 0, 1.07121, 0, 0.878075, -16.798, 0.5, -3.6636)
material_override = ExtResource("1_wrm6r")
mesh = ExtResource("2_ymo7k")
skeleton = NodePath("../../..")

[node name="Rakushka014" type="MeshInstance3D" parent="."]
transform = Transform3D(-0.952647, 0, -0.494719, 0, 1.28892, 0, 0.46938, 0, -1.00407, -17.361, 0.5, -3.3862)
material_override = ExtResource("1_wrm6r")
mesh = ExtResource("2_ymo7k")
skeleton = NodePath("../../..")

[node name="Rakushka015" type="MeshInstance3D" parent="."]
transform = Transform3D(1, 0, 0, 0, 1, 0, 0, 0, 1, -17.4392, 0.5, -3.9147)
material_override = ExtResource("1_wrm6r")
mesh = ExtResource("3_xc4ih")
skeleton = NodePath("../../..")

[node name="Rakushka016" type="MeshInstance3D" parent="."]
transform = Transform3D(1.69682, 0, 0, 0, 1.36447, 0, 0, 0, 1.77277, -16.7481, 0.5, -2.7263)
material_override = ExtResource("1_wrm6r")
mesh = ExtResource("3_xc4ih")
skeleton = NodePath("../../..")

[node name="Rakushka039" type="MeshInstance3D" parent="."]
transform = Transform3D(-0.340674, 0, -1.31424, 0, 1.53855, 0, 1.36495, 0, -0.328017, -57.4825, 0.5, -3.9525)
material_override = ExtResource("1_wrm6r")
mesh = ExtResource("2_ymo7k")
skeleton = NodePath("../../..")

[node name="Rakushka050" type="MeshInstance3D" parent="."]
transform = Transform3D(-1.4055, 0, -0.0587776, 0, 1.53855, 0, 0.0610457, 0, -1.35328, -63.9852, 0.5, -8.4652)
material_override = ExtResource("1_wrm6r")
mesh = ExtResource("2_ymo7k")
skeleton = NodePath("../../..")

[node name="Rakushka053" type="MeshInstance3D" parent="."]
transform = Transform3D(-0.793269, 0, 1.11868, 0, 1.53855, 0, -1.16184, 0, -0.763796, -61.9047, 0.5, -5.7972)
material_override = ExtResource("1_wrm6r")
mesh = ExtResource("2_ymo7k")
skeleton = NodePath("../../..")

[node name="Rakushka040" type="MeshInstance3D" parent="."]
transform = Transform3D(-0.93601, 0, 0.528822, 0, 1.28892, 0, -0.501737, 0, -0.986538, -58.0356, 0.5, -4.249)
material_override = ExtResource("1_wrm6r")
mesh = ExtResource("2_ymo7k")
skeleton = NodePath("../../..")

[node name="Rakushka041" type="MeshInstance3D" parent="."]
transform = Transform3D(0.581797, 0, -0.813334, 0, 1, 0, 0.813334, 0, 0.581797, -57.6513, 0.5, -4.62)
material_override = ExtResource("1_wrm6r")
mesh = ExtResource("3_xc4ih")
skeleton = NodePath("../../..")

[node name="Rakushka042" type="MeshInstance3D" parent="."]
transform = Transform3D(0.987207, 0, -1.44185, 0, 1.36447, 0, 1.38009, 0, 1.03139, -58.2159, 0.5, -3.3666)
material_override = ExtResource("1_wrm6r")
mesh = ExtResource("3_xc4ih")
skeleton = NodePath("../../..")

[node name="Rakushka058" type="MeshInstance3D" parent="."]
transform = Transform3D(0.461238, -0.161251, 1.6931, 0.482394, 1.30716, 0.066708, -1.56006, 0.35652, 0.521197, 0.20067, 0.596073, -5.3408)
material_override = ExtResource("1_wrm6r")
mesh = ExtResource("3_xc4ih")
skeleton = NodePath("../../..")

[node name="Rakushka043" type="MeshInstance3D" parent="."]
transform = Transform3D(-0.340674, 0, -1.31424, 0, 1.53855, 0, 1.36495, 0, -0.328017, -57.4825, 0.5, -3.9525)
material_override = ExtResource("1_wrm6r")
mesh = ExtResource("2_ymo7k")
skeleton = NodePath("../../..")

[node name="Rakushka044" type="MeshInstance3D" parent="."]
transform = Transform3D(-0.93601, 0, 0.528822, 0, 1.28892, 0, -0.501737, 0, -0.986538, -58.0356, 0.5, -4.249)
material_override = ExtResource("1_wrm6r")
mesh = ExtResource("2_ymo7k")
skeleton = NodePath("../../..")

[node name="Rakushka059" type="MeshInstance3D" parent="."]
transform = Transform3D(-0.93601, 0, 0.528822, 0, 1.28892, 0, -0.501737, 0, -0.986538, 0.61227, 0.5, -5.1035)
material_override = ExtResource("1_wrm6r")
mesh = ExtResource("2_ymo7k")
skeleton = NodePath("../../..")

[node name="Rakushka045" type="MeshInstance3D" parent="."]
transform = Transform3D(0.581797, 0, -0.813334, 0, 1, 0, 0.813334, 0, 0.581797, -57.6513, 0.5, -4.62)
material_override = ExtResource("1_wrm6r")
mesh = ExtResource("3_xc4ih")
skeleton = NodePath("../../..")

[node name="Rakushka047" type="MeshInstance3D" parent="."]
transform = Transform3D(0.581797, 0, -0.813334, 0, 1, 0, 0.813334, 0, 0.581797, -55.5422, 0.5, -3.0634)
material_override = ExtResource("1_wrm6r")
mesh = ExtResource("3_xc4ih")
skeleton = NodePath("../../..")

[node name="Rakushka046" type="MeshInstance3D" parent="."]
transform = Transform3D(0.987207, 0, -1.44185, 0, 1.36447, 0, 1.38009, 0, 1.03139, -58.2159, 0.5, -3.3666)
material_override = ExtResource("1_wrm6r")
mesh = ExtResource("3_xc4ih")
skeleton = NodePath("../../..")

[node name="Rakushka017" type="MeshInstance3D" parent="."]
transform = Transform3D(0.144389, 0, 1.3474, 0, 1.53855, 0, -1.3994, 0, 0.139026, -6.59789, 0.513763, 1.4636)
material_override = ExtResource("1_wrm6r")
mesh = ExtResource("2_ymo7k")
skeleton = NodePath("../../..")

[node name="Rakushka018" type="MeshInstance3D" parent="."]
transform = Transform3D(-0.818844, 0, 0.712783, 0, 1.28892, 0, -0.676276, 0, -0.863047, -5.86269, 0.5, -0.3286)
material_override = ExtResource("1_wrm6r")
mesh = ExtResource("2_ymo7k")
skeleton = NodePath("../../..")

[node name="Rakushka019" type="MeshInstance3D" parent="."]
transform = Transform3D(0.410194, 0, -0.911998, 0, 1, 0, 0.911998, 0, 0.410194, -5.41279, 0.5, -0.616699)
material_override = ExtResource("1_wrm6r")
mesh = ExtResource("3_xc4ih")
skeleton = NodePath("../../..")

[node name="Rakushka020" type="MeshInstance3D" parent="."]
transform = Transform3D(-1.35109, 0, -1.07248, 0, 1.36447, 0, 1.02654, 0, -1.41156, -5.50952, 0.5, 1.1499)
material_override = ExtResource("1_wrm6r")
mesh = ExtResource("3_xc4ih")
skeleton = NodePath("../../..")

[node name="Rakushka021" type="MeshInstance3D" parent="."]
transform = Transform3D(-1.08524, 0, 0.861948, 0, 1.53855, 0, -0.895208, 0, -1.04492, 4.33183, 0.5, 0.2969)
material_override = ExtResource("1_wrm6r")
mesh = ExtResource("2_ymo7k")
skeleton = NodePath("../../..")

[node name="Rakushka022" type="MeshInstance3D" parent="."]
transform = Transform3D(0.855878, 0, 0.662692, 0, 1.28892, 0, -0.628751, 0, 0.902081, 4.83764, 0.5, -0.0746002)
material_override = ExtResource("1_wrm6r")
mesh = ExtResource("2_ymo7k")
skeleton = NodePath("../../..")

[node name="Rakushka023" type="MeshInstance3D" parent="."]
transform = Transform3D(-0.984589, 0, -0.174886, 0, 1, 0, 0.174886, 0, -0.984589, 5.00705, 0.5, 0.432001)
material_override = ExtResource("1_wrm6r")
mesh = ExtResource("3_xc4ih")
skeleton = NodePath("../../..")

[node name="Rakushka024" type="MeshInstance3D" parent="."]
transform = Transform3D(-1.67067, 0, -0.310031, 0, 1.36447, 0, 0.29675, 0, -1.74544, 4.11885, 0.5, -0.6173)
material_override = ExtResource("1_wrm6r")
mesh = ExtResource("3_xc4ih")
skeleton = NodePath("../../..")

[node name="Rakushka025" type="MeshInstance3D" parent="."]
transform = Transform3D(1.12854, 0, 0.808756, 0, 1.53855, 0, -0.839964, 0, 1.08661, -19.9163, 0.5, -4.0464)
material_override = ExtResource("1_wrm6r")
mesh = ExtResource("2_ymo7k")
skeleton = NodePath("../../..")

[node name="Rakushka026" type="MeshInstance3D" parent="."]
transform = Transform3D(0.406087, 0, -1.03427, 0, 1.28892, 0, 0.9813, 0, 0.428008, -19.6763, 0.5, -3.4665)
material_override = ExtResource("1_wrm6r")
mesh = ExtResource("2_ymo7k")
skeleton = NodePath("../../..")

[node name="Rakushka027" type="MeshInstance3D" parent="."]
transform = Transform3D(0.0653858, 0, 0.99786, 0, 1, 0, -0.99786, 0, 0.0653858, -20.2087, 0.5, -3.423)
material_override = ExtResource("1_wrm6r")
mesh = ExtResource("3_xc4ih")
skeleton = NodePath("../../..")

[node name="Rakushka064" type="MeshInstance3D" parent="."]
transform = Transform3D(1.12854, 0, 0.808756, 0, 1.53855, 0, -0.839964, 0, 1.08661, -23.0962, 0.5, -6.3735)
material_override = ExtResource("1_wrm6r")
mesh = ExtResource("2_ymo7k")
skeleton = NodePath("../../..")

[node name="Rakushka065" type="MeshInstance3D" parent="."]
transform = Transform3D(0.406087, 0, -1.03427, 0, 1.28892, 0, 0.9813, 0, 0.428008, -22.8562, 0.5, -5.7936)
material_override = ExtResource("1_wrm6r")
mesh = ExtResource("2_ymo7k")
skeleton = NodePath("../../..")

[node name="Rakushka066" type="MeshInstance3D" parent="."]
transform = Transform3D(0.0653858, 0, 0.99786, 0, 1, 0, -0.99786, 0, 0.0653858, -23.3886, 0.5, -5.7501)
material_override = ExtResource("1_wrm6r")
mesh = ExtResource("3_xc4ih")
skeleton = NodePath("../../..")

[node name="Rakushka067" type="MeshInstance3D" parent="."]
transform = Transform3D(1.12854, 0, 0.808756, 0, 1.53855, 0, -0.839964, 0, 1.08661, -16.0962, 0.5, -12.3735)
material_override = ExtResource("1_wrm6r")
mesh = ExtResource("2_ymo7k")
skeleton = NodePath("../../..")

[node name="Rakushka068" type="MeshInstance3D" parent="."]
transform = Transform3D(0.406087, 0, -1.03427, 0, 1.28892, 0, 0.9813, 0, 0.428008, -15.8562, 0.5, -11.7936)
material_override = ExtResource("1_wrm6r")
mesh = ExtResource("2_ymo7k")
skeleton = NodePath("../../..")

[node name="Rakushka069" type="MeshInstance3D" parent="."]
transform = Transform3D(0.0653858, 0, 0.99786, 0, 1, 0, -0.99786, 0, 0.0653858, -16.3886, 0.5, -11.7501)
material_override = ExtResource("1_wrm6r")
mesh = ExtResource("3_xc4ih")
skeleton = NodePath("../../..")

[node name="Rakushka070" type="MeshInstance3D" parent="."]
transform = Transform3D(1.12854, 0, 0.808756, 0, 1.53855, 0, -0.839964, 0, 1.08661, -24.0962, 0.5, -15.3735)
material_override = ExtResource("1_wrm6r")
mesh = ExtResource("2_ymo7k")
skeleton = NodePath("../../..")

[node name="Rakushka071" type="MeshInstance3D" parent="."]
transform = Transform3D(0.406087, 0, -1.03427, 0, 1.28892, 0, 0.9813, 0, 0.428008, -23.8562, 0.5, -14.7936)
material_override = ExtResource("1_wrm6r")
mesh = ExtResource("2_ymo7k")
skeleton = NodePath("../../..")

[node name="Rakushka072" type="MeshInstance3D" parent="."]
transform = Transform3D(0.0653858, 0, 0.99786, 0, 1, 0, -0.99786, 0, 0.0653858, -24.3886, 0.5, -14.7501)
material_override = ExtResource("1_wrm6r")
mesh = ExtResource("3_xc4ih")
skeleton = NodePath("../../..")

[node name="Rakushka028" type="MeshInstance3D" parent="."]
transform = Transform3D(0.110948, 0, 1.76897, 0, 1.36447, 0, -1.69319, 0, 0.115914, -18.9776, 0.5, -4.0348)
material_override = ExtResource("1_wrm6r")
mesh = ExtResource("3_xc4ih")
skeleton = NodePath("../../..")

[node name="Rakushka029" type="MeshInstance3D" parent="."]
transform = Transform3D(-0.79351, 0, 1.11851, 0, 1.53855, 0, -1.16167, 0, -0.764029, -30.7136, 0.5, -8.2959)
material_override = ExtResource("1_wrm6r")
mesh = ExtResource("2_ymo7k")
skeleton = NodePath("../../..")

[node name="Rakushka030" type="MeshInstance3D" parent="."]
transform = Transform3D(0.295471, 0, -1.07514, 0, 1.28892, 0, 1.02007, 0, 0.311421, -25.3817, 0.5, -8.7993)
material_override = ExtResource("1_wrm6r")
mesh = ExtResource("2_ymo7k")
skeleton = NodePath("../../..")

[node name="Rakushka035" type="MeshInstance3D" parent="."]
transform = Transform3D(-1.06165, 0, -0.0290858, 0, 1.28892, 0, 0.0275963, 0, -1.11896, -29.5028, 0.5, -8.6752)
material_override = ExtResource("1_wrm6r")
mesh = ExtResource("2_ymo7k")
skeleton = NodePath("../../..")

[node name="Rakushka031" type="MeshInstance3D" parent="."]
transform = Transform3D(-0.92591, 0, 0.377744, 0, 1, 0, -0.377744, 0, -0.92591, -26.2065, 0.5, -7.1004)
material_override = ExtResource("1_wrm6r")
mesh = ExtResource("3_xc4ih")
skeleton = NodePath("../../..")

[node name="Rakushka038" type="MeshInstance3D" parent="."]
transform = Transform3D(-0.92591, 0, 0.377744, 0, 1, 0, -0.377744, 0, -0.92591, -25.4862, 0.5, -13.6756)
material_override = ExtResource("1_wrm6r")
mesh = ExtResource("3_xc4ih")
skeleton = NodePath("../../..")

[node name="Rakushka061" type="MeshInstance3D" parent="."]
transform = Transform3D(-0.92591, 0, 0.377744, 0, 1, 0, -0.377744, 0, -0.92591, -33.4862, 0.5, -14.6756)
material_override = ExtResource("1_wrm6r")
mesh = ExtResource("3_xc4ih")
skeleton = NodePath("../../..")

[node name="Rakushka062" type="MeshInstance3D" parent="."]
transform = Transform3D(-0.92591, 0, 0.377744, 0, 1, 0, -0.377744, 0, -0.92591, -32.6086, 0.5, -7.8322)
material_override = ExtResource("1_wrm6r")
mesh = ExtResource("3_xc4ih")
skeleton = NodePath("../../..")

[node name="Rakushka063" type="MeshInstance3D" parent="."]
transform = Transform3D(-0.92591, 0, 0.377744, 0, 1, 0, -0.377744, 0, -0.92591, -28.4862, 0.5, -13.6756)
material_override = ExtResource("1_wrm6r")
mesh = ExtResource("3_xc4ih")
skeleton = NodePath("../../..")

[node name="Rakushka032" type="MeshInstance3D" parent="."]
transform = Transform3D(-1.54468, 0, -0.733689, 0, 1.36447, 0, 0.70226, 0, -1.61381, -24.5409, 0.5, -8.2028)
material_override = ExtResource("1_wrm6r")
mesh = ExtResource("3_xc4ih")
skeleton = NodePath("../../..")

[node name="Rakushka033" type="MeshInstance3D" parent="."]
transform = Transform3D(0.882899, 0, 1.51389, 0, 1.36447, 0, -1.44904, 0, 0.922413, -25.4243, 0.5, -9.6177)
material_override = ExtResource("1_wrm6r")
mesh = ExtResource("3_xc4ih")
skeleton = NodePath("../../..")

[node name="Rakushka034" type="MeshInstance3D" parent="."]
transform = Transform3D(-1.20504, 0, 1.24807, 0, 1.36447, 0, -1.19461, 0, -1.25897, -36.6826, 0.5, -8.5642)
material_override = ExtResource("1_wrm6r")
mesh = ExtResource("3_xc4ih")
skeleton = NodePath("../../..")

[node name="Rakushka055" type="MeshInstance3D" parent="."]
transform = Transform3D(1.19461, 0, 1.25897, 0, 1.36447, 0, -1.20504, 0, 1.24807, -37.2275, 0.5, -7.9698)
material_override = ExtResource("1_wrm6r")
mesh = ExtResource("3_xc4ih")
skeleton = NodePath("../../..")

[node name="Rakushka004" type="MeshInstance3D" parent="."]
transform = Transform3D(-0.28818, 0, -0.957576, 0, 1, 0, 0.957576, 0, -0.28818, -63.5243, 0.5, -17.2378)
material_override = ExtResource("1_wrm6r")
mesh = ExtResource("3_xc4ih")
skeleton = NodePath("../../..")

[node name="Rakushka006" type="MeshInstance3D" parent="."]
transform = Transform3D(-0.998131, 0, 0.0611013, 0, 1, 0, -0.0611013, 0, -0.998131, -63.186, 0.5, -17.9995)
material_override = ExtResource("1_wrm6r")
mesh = ExtResource("3_xc4ih")
skeleton = NodePath("../../..")

[node name="Rakushka048" type="MeshInstance3D" parent="."]
transform = Transform3D(-0.998131, 0, 0.0611013, 0, 1, 0, -0.0611013, 0, -0.998131, -62.9444, 0.5, -5.7502)
material_override = ExtResource("1_wrm6r")
mesh = ExtResource("3_xc4ih")
skeleton = NodePath("../../..")

[node name="Rakushka049" type="MeshInstance3D" parent="."]
transform = Transform3D(-0.998131, 0, 0.0611013, 0, 1, 0, -0.0611013, 0, -0.998131, -63.4501, 0.5, -9.0993)
material_override = ExtResource("1_wrm6r")
mesh = ExtResource("3_xc4ih")
skeleton = NodePath("../../..")

[node name="Rakushka007" type="MeshInstance3D" parent="."]
transform = Transform3D(-0.998131, 0, 0.0611013, 0, 1, 0, -0.0611013, 0, -0.998131, -58.186, 0.5, -12.9216)
material_override = ExtResource("1_wrm6r")
mesh = ExtResource("3_xc4ih")
skeleton = NodePath("../../..")

[node name="Rakushka008" type="MeshInstance3D" parent="."]
transform = Transform3D(0.5082, 0, 0.861239, 0, 1, 0, -0.861239, 0, 0.5082, -63.788, 0.5, -7.8816)
material_override = ExtResource("1_wrm6r")
mesh = ExtResource("3_xc4ih")
skeleton = NodePath("../../..")

[node name="Rakushka005" type="MeshInstance3D" parent="."]
transform = Transform3D(0.109073, 0, 0.840476, 0, 1, 0, -0.688581, 0, 0.133133, -63.1615, 0.5, -9.6032)
material_override = ExtResource("1_wrm6r")
mesh = ExtResource("3_xc4ih")
skeleton = NodePath("../../..")

[node name="Rakushka003" type="MeshInstance3D" parent="."]
transform = Transform3D(1, 0, 0, 0, 1, 0, 0, 0, 1, 3.22788, 0.5, 20.0111)
material_override = ExtResource("1_wrm6r")
mesh = ExtResource("4_t15rp")
skeleton = NodePath("../../..")

[node name="Rakushka036" type="MeshInstance3D" parent="."]
transform = Transform3D(-0.94707, 0, 0.321026, 0, 1, 0, -0.321026, 0, -0.94707, -30.0174, 0.5, -7.9281)
material_override = ExtResource("1_wrm6r")
mesh = ExtResource("4_t15rp")
skeleton = NodePath("../../..")

[node name="Rakushka051" type="MeshInstance3D" parent="."]
transform = Transform3D(-0.94707, 0, 0.321026, 0, 1, 0, -0.321026, 0, -0.94707, -46.1617, 0.5, -5.894)
material_override = ExtResource("1_wrm6r")
mesh = ExtResource("4_t15rp")
skeleton = NodePath("../../..")

[node name="Rakushka054" type="MeshInstance3D" parent="."]
transform = Transform3D(-0.0431662, 0, 0.999067, 0, 1, 0, -0.999067, 0, -0.0431662, -48.529, 0.5, -3.7206)
material_override = ExtResource("1_wrm6r")
mesh = ExtResource("4_t15rp")
skeleton = NodePath("../../..")

[node name="Rakushka060" type="MeshInstance3D" parent="."]
transform = Transform3D(-1.6694, 0.0303545, 0.443426, 0.407357, 0.838041, 0.591936, -0.533643, 0.544762, -0.93532, 1.73257, 0.556507, -5.6953)
material_override = ExtResource("1_wrm6r")
mesh = ExtResource("4_t15rp")
skeleton = NodePath("../../..")

[node name="Rakushka052" type="MeshInstance3D" parent="."]
transform = Transform3D(0.157607, 0, 0.987502, 0, 1, 0, -0.987502, 0, 0.157607, -45.0263, 0.5, -6.8452)
material_override = ExtResource("1_wrm6r")
mesh = ExtResource("4_t15rp")
skeleton = NodePath("../../..")

[node name="Rakushka037" type="MeshInstance3D" parent="."]
transform = Transform3D(-0.0830577, 0, 1.18478, 0, 0.828205, 0, -1.0596, 0, -0.0928702, -33.2315, 0.5, -7.7013)
material_override = ExtResource("1_wrm6r")
mesh = ExtResource("4_t15rp")
skeleton = NodePath("../../..")

[node name="Rakushka056" type="MeshInstance3D" parent="."]
transform = Transform3D(-1.20504, 0, 1.24807, 0, 1.36447, 0, -1.19461, 0, -1.25897, -53.4578, 0.5, -2.768)
material_override = ExtResource("1_wrm6r")
mesh = ExtResource("3_xc4ih")
skeleton = NodePath("../../..")

[node name="Rakushka057" type="MeshInstance3D" parent="."]
transform = Transform3D(0.210699, 0, 1.16483, 0, 0.828205, 0, -1.04176, 0, 0.23559, -50.0024, 0.5, -2.9641)
material_override = ExtResource("1_wrm6r")
mesh = ExtResource("4_t15rp")
skeleton = NodePath("../../..")

[node name="Rakushka074" type="MeshInstance3D" parent="."]
transform = Transform3D(0.406087, 0, -1.03427, 0, 1.28892, 0, 0.9813, 0, 0.428008, -34.3224, 0.506774, -14.7793)
material_override = ExtResource("1_wrm6r")
mesh = ExtResource("2_ymo7k")
skeleton = NodePath("../../..")
