[gd_scene load_steps=4 format=3 uid="uid://do7m2taqg80cb"]

[ext_resource type="PackedScene" uid="uid://bwwstorjda5ij" path="res://rostuschij_glaz_001.tscn" id="1_qrjbu"]
[ext_resource type="PackedScene" uid="uid://dxcbcaok76tiu" path="res://rostuschij_glaz_002.tscn" id="2_3jh5p"]
[ext_resource type="PackedScene" uid="uid://bwuedvfjxjmwf" path="res://rostuschij_glaz_003.tscn" id="3_s8cpf"]

[node name="RostuschijGlaz" type="Node"]

[node name="RostuschijGlaz001" parent="." instance=ExtResource("1_qrjbu")]
transform = Transform3D(-0.129055, 0, 0.991637, 0, 1, 0, -0.991637, 0, -0.129055, 4.89327, 0.53619, 0.9417)
skeleton = NodePath("../../..")

[node name="RostuschijGlaz017" parent="." instance=ExtResource("1_qrjbu")]
transform = Transform3D(-0.924446, 0, -0.381313, 0, 1, 0, 0.381313, 0, -0.924446, 19.8933, 1.53619, -15.0583)
skeleton = NodePath("../../..")

[node name="RostuschijGlaz018" parent="." instance=ExtResource("1_qrjbu")]
transform = Transform3D(-0.991637, 0, -0.129055, 0, 1, 0, 0.129055, 0, -0.991637, 30.8933, 1.53619, -14.0583)
skeleton = NodePath("../../..")

[node name="RostuschijGlaz005" parent="." instance=ExtResource("1_qrjbu")]
transform = Transform3D(0.954906, 0, -0.296908, 0, 1, 0, 0.296908, 0, 0.954906, -58.3698, 0.5, -2.9716)
skeleton = NodePath("../../..")

[node name="RostuschijGlaz002" parent="." instance=ExtResource("2_3jh5p")]
transform = Transform3D(1, 0, 0, 0, 1, 0, 0, 0, 1, 2.7135, 0.5, 18.4986)
skeleton = NodePath("../../..")

[node name="RostuschijGlaz012" parent="." instance=ExtResource("2_3jh5p")]
transform = Transform3D(0.693402, 0, -0.000314265, 0, 0.853298, 0, 0.000217944, 0, 1, -6.48418, 0.487686, -5.2522)
skeleton = NodePath("../../..")

[node name="RostuschijGlaz011" parent="." instance=ExtResource("2_3jh5p")]
transform = Transform3D(0.366615, 0, -0.930373, 0, 1, 0, 0.930373, 0, 0.366615, -6.24169, 0.52079, 1.1586)
skeleton = NodePath("../../..")

[node name="RostuschijGlaz016" parent="." instance=ExtResource("2_3jh5p")]
transform = Transform3D(0.985289, 0, 0.170897, -0.053686, 0.949376, 0.30952, -0.162246, -0.314142, 0.93541, -12.0431, 0.52079, -3.3147)
skeleton = NodePath("../../..")

[node name="RostuschijGlaz010" parent="." instance=ExtResource("2_3jh5p")]
transform = Transform3D(0.586641, 0, 0.809847, 0, 1, 0, -0.809847, 0, 0.586641, 5.11732, -0.200747, -1.5058)
skeleton = NodePath("../../..")

[node name="RostuschijGlaz007" parent="." instance=ExtResource("2_3jh5p")]
transform = Transform3D(-0.468176, 0, 0.883635, 0, 1, 0, -0.883635, 0, -0.468176, -33.0026, 0.5, -16.0712)
skeleton = NodePath("../../..")

[node name="RostuschijGlaz014" parent="." instance=ExtResource("2_3jh5p")]
transform = Transform3D(-0.974698, 0, -0.223522, 0, 1, 0, 0.223522, 0, -0.974698, -33.0026, 0.5, -16.0712)
skeleton = NodePath("../../..")

[node name="RostuschijGlaz013" parent="." instance=ExtResource("2_3jh5p")]
transform = Transform3D(0.31694, 0, -0.948445, 0, 1, 0, 0.948445, 0, 0.31694, -25.432, 0.5, -16.0712)
skeleton = NodePath("../../..")

[node name="RostuschijGlaz008" parent="." instance=ExtResource("2_3jh5p")]
transform = Transform3D(-1.08262, -0.045092, -0.0437592, 0.105248, -0.104722, -0.599285, 0.0957411, -0.39477, 0.163972, -5.64227, 2.54071, -21.1611)
skeleton = NodePath("../../..")

[node name="RostuschijGlaz009" parent="." instance=ExtResource("2_3jh5p")]
transform = Transform3D(-1.08262, -0.045092, -0.0437592, 0.105248, -0.104722, -0.599285, 0.0957411, -0.39477, 0.163972, 5.44069, 2.54071, -21.1611)
skeleton = NodePath("../../..")

[node name="RostuschijGlaz003" parent="." instance=ExtResource("3_s8cpf")]
transform = Transform3D(1, 0, 0, 0, 1, 0, 0, 0, 1, 3.98556, 0.5, 16.7091)
skeleton = NodePath("../../..")

[node name="RostuschijGlaz015" parent="." instance=ExtResource("3_s8cpf")]
transform = Transform3D(-0.275342, 0, -0.652008, 0, 0.67465, 0, 0.944655, 0, -0.190043, -30.6984, 0.5, -9.8453)
skeleton = NodePath("../../..")

[node name="RostuschijGlaz006" parent="." instance=ExtResource("3_s8cpf")]
transform = Transform3D(-0.830197, 0, -0.55747, 0, 1, 0, 0.55747, 0, -0.830197, -64.2304, 0.5, -11.191)
skeleton = NodePath("../../..")

[node name="RostuschijGlaz004" parent="." instance=ExtResource("3_s8cpf")]
transform = Transform3D(-0.843589, 0, 0.544021, 0, 0.776959, 0, -0.719653, 0, -0.637711, 5.1921, 0.5, -12.2631)
skeleton = NodePath("../../..")
